lon,lat,de,dn,du
166,-47.625,0,0,0
166.15,-47.625,0,0,0
166.3,-47.625,0,0,0
166.45,-47.625,0,0,0
166.6,-47.625,0,0,0
166.75,-47.625,0,0,0
166.9,-47.625,0,0,0
167.05,-47.625,0,0,0
167.2,-47.625,0,0,0
167.35,-47.625,0,0,0
167.5,-47.625,0,0,0
167.65,-47.625,0,0,0
167.8,-47.625,0,0,0
167.95,-47.625,0,0,0
168.1,-47.625,0,0,0
168.25,-47.625,0,0,0
168.4,-47.625,0,0,0
168.55,-47.625,0,0,0
168.7,-47.625,0,0,0
168.85,-47.625,0,0,0
169,-47.625,0,0,0
169.15,-47.625,0,0,0
169.3,-47.625,0,0,0
169.45,-47.625,0,0,0
169.6,-47.625,0,0,0
169.75,-47.625,0,0,0
169.9,-47.625,0,0,0
170.05,-47.625,0,0,0
170.2,-47.625,0,0,0
170.35,-47.625,0,0,0
170.5,-47.625,0,0,0
170.65,-47.625,0,0,0
170.8,-47.625,0,0,0
170.95,-47.625,0,0,0
171.1,-47.625,0,0,0
171.25,-47.625,0,0,0
171.4,-47.625,0,0,0
171.55,-47.625,0,0,0
171.7,-47.625,0,0,0
171.85,-47.625,0,0,0
172,-47.625,0,0,0
172.15,-47.625,0,0,0
172.3,-47.625,0,0,0
166,-47.5,0,0,0
166.15,-47.5,-3.164715e-05,3.9870404e-05,-2.955725e-05
166.3,-47.5,-6.3909246e-05,8.1872214e-05,-5.7888878e-05
166.45,-47.5,-9.75809e-05,0.000128092666,-8.402964e-05
166.6,-47.5,-0.000133852566,0.00018066899,-0.000107543436
166.75,-47.5,-0.000174628646,0.000242168584,-0.000128802108
166.9,-47.5,-0.000223052662,0.000316404414,-0.000149204328
167.05,-47.5,-0.000284242694,0.000409620872,-0.000170949256
167.2,-47.5,-0.000365151292,0.00053034239,-0.000195012166
167.35,-47.5,-0.000466655444,0.000677718918,-0.000213908738
167.5,-47.5,-0.000536550486,0.000772483284,-0.000196362788
167.65,-47.5,-0.0005945565,0.000840944218,-0.000168242416
167.8,-47.5,-0.00063403551,0.00087431359,-0.000135566872
167.95,-47.5,-0.000611945544,0.00081482014,-9.5135072e-05
168.1,-47.5,-0.000607797734,0.000776798734,-6.38415e-05
168.25,-47.5,-0.000608135206,0.000743071976,-3.954833e-05
168.4,-47.5,-0.000593599022,0.000688784876,-2.000486e-05
168.55,-47.5,-0.000575539996,0.00063074513,-4.714188e-06
168.7,-47.5,-0.000559044286,0.000577499308,7.172834e-06
168.85,-47.5,-0.000544225538,0.000530308146,1.6405628e-05
169,-47.5,-0.000529819876,0.000488083878,2.353397e-05
169.15,-47.5,-0.000514631126,0.000449452558,2.893001e-05
169.3,-47.5,-0.000497840116,0.00041329087,3.2839706e-05
169.45,-47.5,-0.000478978926,0.000378800404,3.5434116e-05
169.6,-47.5,-0.000457874788,0.00034550343,3.6853256e-05
169.75,-47.5,-0.000434631144,0.000313246172,3.7241254e-05
169.9,-47.5,-0.000409597638,0.000282162296,3.676419e-05
170.05,-47.5,-0.000383251852,0.000252522788,3.5598742e-05
170.2,-47.5,-0.000356095662,0.00022461071,3.391706e-05
170.35,-47.5,-0.000328574784,0.000198635414,3.1871416e-05
170.5,-47.5,-0.000301035222,0.000174694648,2.9584882e-05
170.65,-47.5,-0.00027371619,0.00015277714,2.7149984e-05
170.8,-47.5,-0.000246765614,0.000132787138,2.4632814e-05
170.95,-47.5,-0.000220263278,0.000114574046,2.2079066e-05
171.1,-47.5,-0.000194242022,9.7957674e-05,1.951965e-05
171.25,-47.5,-0.000168703212,8.2745898e-05,1.6974918e-05
171.4,-47.5,-0.000143626398,6.8745284e-05,1.4457452e-05
171.55,-47.5,-0.000118974804,5.5766512e-05,1.1973822e-05
171.7,-47.5,-9.4698454e-05,4.3626482e-05,9.525742e-06
171.85,-47.5,-7.0736306e-05,3.2148572e-05,7.11093e-06
172,-47.5,-4.7018176e-05,2.1161898e-05,4.723912e-06
172.15,-47.5,-2.3466786e-05,1.050012e-05,2.35678e-06
172.3,-47.5,0,0,0
166,-47.375,0,0,0
166.15,-47.375,-6.2679352e-05,7.7609402e-05,-6.0340118e-05
166.3,-47.375,-0.000126408934,0.000159525786,-0.000117968622
166.45,-47.375,-0.000192561784,0.000249829464,-0.00017068625
166.6,-47.375,-0.000263200722,0.000352414708,-0.000217341994
166.75,-47.375,-0.000341609354,0.000471600934,-0.00025846067
166.9,-47.375,-0.000433339304,0.000613828196,-0.000297065948
167.05,-47.375,-0.000548766824,0.000791736686,-0.000339580526
167.2,-47.375,-0.00070970703,0.001034029768,-0.000395190674
167.35,-47.375,-0.00096492,0.00140805,-0.00046426
167.5,-47.375,-0.00108499,0.00157127,-0.0004033
167.65,-47.375,-0.00120764,0.00171698,-0.00034104
167.8,-47.375,-0.00132964,0.00184149,-0.00027889
167.95,-47.375,-0.001205948932,0.00160816824,-0.000181131916
168.1,-47.375,-0.001211110184,0.001549302818,-0.000120682594
168.25,-47.375,-0.001231144068,0.001506704298,-7.4346962e-05
168.4,-47.375,-0.001190720886,0.001381322394,-3.5756922e-05
168.55,-47.375,-0.001149516676,0.001256696338,-6.024722e-06
168.7,-47.375,-0.001116411608,0.001148943954,1.6999892e-05
168.85,-47.375,-0.001088037992,0.001055649398,3.491571e-05
169,-47.375,-0.001060422836,0.000972574808,4.8800242e-05
169.15,-47.375,-0.001030864516,0.000896435486,5.9346362e-05
169.3,-47.375,-0.00099775041,0.000824910514,6.69947e-05
169.45,-47.375,-0.000960200802,0.000756407316,7.2043504e-05
169.6,-47.375,-0.00091788908,0.000689967148,7.4737652e-05
169.75,-47.375,-0.000871052154,0.00062531896,7.534757e-05
169.9,-47.375,-0.000820507554,0.000562880222,7.4216764e-05
170.05,-47.375,-0.000767314106,0.000503318148,7.1713716e-05
170.2,-47.375,-0.000712556014,0.000447284636,6.8198082e-05
170.35,-47.375,-0.00065716825,0.0003952363,6.3983726e-05
170.5,-47.375,-0.000601849914,0.000347366034,5.9318124e-05
170.65,-47.375,-0.000547063924,0.000303626776,5.4382238e-05
170.8,-47.375,-0.000493082992,0.000263797364,4.9302206e-05
170.95,-47.375,-0.000440045474,0.000227551376,4.4163798e-05
171.1,-47.375,-0.0003880016,0.000194510752,3.9024618e-05
171.25,-47.375,-0.000336944428,0.00016428063,3.3922568e-05
171.4,-47.375,-0.000286827578,0.000136468728,2.8881066e-05
171.55,-47.375,-0.000237574366,0.000110694278,2.3912098e-05
171.7,-47.375,-0.000189082708,8.6590844e-05,1.9018212e-05
171.85,-47.375,-0.000141228592,6.3805906e-05,1.419407e-05
172,-47.375,-9.3869612e-05,4.1998902e-05,9.427936e-06
172.15,-47.375,-4.6848968e-05,2.083858e-05,4.703206e-06
172.3,-47.375,0,0,0
166,-47.25,0,0,0
166.15,-47.25,-9.2661324e-05,0.000111041416,-9.3834604e-05
166.3,-47.25,-0.000186485356,0.000228792066,-0.000182959242
166.45,-47.25,-0.00028305658,0.000359284694,-0.00026340474
166.6,-47.25,-0.000384779184,0.000507559444,-0.000332677624
166.75,-47.25,-0.000495268744,0.00067799225,-0.000390632628
166.9,-47.25,-0.000619928378,0.00087557075,-0.00044101827
167.05,-47.25,-0.000767778268,0.001109467906,-0.000495116228
167.2,-47.25,-0.00095999,0.00140599,-0.00058191
167.35,-47.25,-0.00109732,0.0016154,-0.00051435
167.5,-47.25,-0.00124126,0.00180754,-0.00044353
167.65,-47.25,-0.0013878,0.00197624,-0.00037135
167.8,-47.25,-0.00153253,0.00211699,-0.00029958
167.95,-47.25,-0.0016711,0.00222706,-0.00022982
168.1,-47.25,-0.00179955,0.00230554,-0.00016341
168.25,-47.25,-0.00191461,0.00235312,-0.0001014
168.4,-47.25,-0.001788623774,0.002073104068,-4.2651148e-05
168.55,-47.25,-0.001715394212,0.001865773876,-6.27668e-07
168.7,-47.25,-0.00166904748,0.001705930772,3.1935748e-05
168.85,-47.25,-0.001631091988,0.001570770686,5.7457078e-05
169,-47.25,-0.001592968964,0.001450130464,7.7404928e-05
169.15,-47.25,-0.001550653688,0.001338804068,9.2660498e-05
169.3,-47.25,-0.001502096206,0.001233508386,0.000103749226
169.45,-47.25,-0.001446184788,0.0011319512,0.00011100755
169.6,-47.25,-0.001382428576,0.001032638882,0.000114706278
169.75,-47.25,-0.001311180836,0.000935182298,0.000115194606
169.9,-47.25,-0.00123406632,0.000840721488,0.000113041586
170.05,-47.25,-0.001152941002,0.000750584942,0.000108841274
170.2,-47.25,-0.00106964604,0.00066597339,0.000103177824
170.35,-47.25,-0.000985692284,0.000587659112,9.6547282e-05
170.5,-47.25,-0.000902132264,0.000515906416,8.9321652e-05
170.65,-47.25,-0.0008196066,0.00045056657,8.175864e-05
170.8,-47.25,-0.000738456952,0.000391224162,7.4029976e-05
170.95,-47.25,-0.000658834028,0.00033732334,6.6249304e-05
171.1,-47.25,-0.000580774474,0.000288253328,5.8492452e-05
171.25,-47.25,-0.000504245324,0.000243397146,5.0809676e-05
171.4,-47.25,-0.000429165116,0.000202154718,4.3232144e-05
171.55,-47.25,-0.000355412376,0.000163951032,3.577529e-05
171.7,-47.25,-0.000282829416,0.000128236714,2.8440938e-05
171.85,-47.25,-0.000211225746,9.4485304e-05,2.1219202e-05
172,-47.25,-0.00014038271,6.2189228e-05,1.4090556e-05
172.15,-47.25,-7.0059476e-05,3.0855296e-05,7.028106e-06
172.3,-47.25,0,0,0
166,-47.125,0,0,0
166.15,-47.125,-0.00012148059,0.000137764198,-0.00013203906
166.3,-47.125,-0.000243814586,0.000285316368,-0.000256629
166.45,-47.125,-0.000368399998,0.000450957798,-0.000367295842
166.6,-47.125,-0.00049759069,0.000640546126,-0.000459331132
166.75,-47.125,-0.00063475806,0.00085723787,-0.00053037395
166.9,-47.125,-0.000783327198,0.001100994648,-0.000581258276
167.05,-47.125,-0.000942427872,0.001364574188,-0.000617956114
167.2,-47.125,-0.00109249,0.00161866,-0.00065262
167.35,-47.125,-0.00125899,0.0018703,-0.00057366
167.5,-47.125,-0.00143347,0.00209811,-0.00049085
167.65,-47.125,-0.00161026,0.00229411,-0.00040663
167.8,-47.125,-0.00178329,0.00245277,-0.00032326
167.95,-47.125,-0.00194668,0.00257122,-0.00024276
168.1,-47.125,-0.00209534,0.00264912,-0.00016677
168.25,-47.125,-0.00222527,0.0026883,-9.651e-05
168.4,-47.125,-0.00233377,0.0026922,-3.282e-05
168.55,-47.125,-0.002254388922,0.002427364324,1.4229446e-05
168.7,-47.125,-0.00221329211,0.002238234572,5.3913688e-05
168.85,-47.125,-0.002174313516,0.002071372112,8.5571928e-05
169,-47.125,-0.00212970734,0.001918372296,0.00011070189
169.15,-47.125,-0.002076685068,0.001775141932,0.000130141474
169.3,-47.125,-0.00201379594,0.001638367762,0.000144334158
169.45,-47.125,-0.001940013572,0.001505250216,0.000153531188
169.6,-47.125,-0.001854459596,0.00137345488,0.000157885304
169.75,-47.125,-0.001757176298,0.001242049862,0.000157682992
169.9,-47.125,-0.001651635884,0.001114238486,0.000153913698
170.05,-47.125,-0.001540737542,0.000992326746,0.00014743197
170.2,-47.125,-0.00142739486,0.00087836487,0.000139124662
170.35,-47.125,-0.001313822586,0.00077352034,0.000129705922
170.5,-47.125,-0.001201380258,0.00067803395,0.000119662564
170.65,-47.125,-0.001090773258,0.00059150892,0.000109300692
170.8,-47.125,-0.00098230419,0.000513209378,9.8809754e-05
170.95,-47.125,-0.000876059212,0.000442264496,8.8310988e-05
171.1,-47.125,-0.000772016944,0.000377782076,7.788621e-05
171.25,-47.125,-0.000670097276,0.000318899902,6.7591536e-05
171.4,-47.125,-0.000570175186,0.00026480197,5.7462542e-05
171.55,-47.125,-0.000472080606,0.000214718416,4.7515984e-05
171.7,-47.125,-0.000375596836,0.000167919672,3.775105e-05
171.85,-47.125,-0.000280462266,0.000123709368,2.8151244e-05
172,-47.125,-0.000186376004,8.141741e-05,1.8686978e-05
172.15,-47.125,-9.3006222e-05,4.0393376e-05,9.318664e-06
172.3,-47.125,0,0,0
166,-47,0,0,0
166.15,-47,-0.000149446448,0.000154699004,-0.000177692632
166.3,-47,-0.000298892402,0.000323751414,-0.000344221854
166.45,-47,-0.000449138132,0.000518684004,-0.000489818502
166.6,-47,-0.00060242552,0.000746429394,-0.00060697711
166.75,-47,-0.000762845606,0.001009418456,-0.000690273762
166.9,-47,-0.000936194478,0.001306595788,-0.000735684772
167.05,-47,-0.001126116026,0.001629174194,-0.00074282995
167.2,-47,-0.00131082425,0.001937499968,-0.000718954494
167.35,-47,-0.00145923,0.00218788,-0.00064485
167.5,-47,-0.00167334,0.00246,-0.00054733
167.65,-47,-0.00188888,0.00268823,-0.00044838
167.8,-47,-0.00209732,0.00286595,-0.00035094
167.95,-47,-0.00229075,0.00299046,-0.00025754
168.1,-47,-0.00246259,0.00306267,-0.00017019
168.25,-47,-0.00260809,0.00308633,-9.033e-05
168.4,-47,-0.00272446,0.00306716,-1.887e-05
168.55,-47,-0.002755099362,0.00291324885,3.6451768e-05
168.7,-47,-0.002755418524,0.00274827108,8.3917628e-05
168.85,-47,-0.002723162624,0.002558110894,0.000120215054
169,-47,-0.00267486181,0.002376844678,0.000149689236
169.15,-47,-0.002612583306,0.002205023604,0.000172869348
169.3,-47,-0.002536388914,0.002039570512,0.000189914746
169.45,-47,-0.002445613964,0.001877227026,0.000200897742
169.6,-47,-0.00233821994,0.001713880562,0.000205620756
169.75,-47,-0.002211428878,0.001545323784,0.00020373836
169.9,-47,-0.002074563376,0.001381855848,0.000197498244
170.05,-47,-0.001930978426,0.001226118686,0.000187848244
170.2,-47,-0.00178537327,0.001081639004,0.00017618293
170.35,-47,-0.00164082294,0.000950023428,0.000163489182
170.5,-47,-0.001498792922,0.00083120012,0.000150321986
170.65,-47,-0.001359801986,0.000724225786,0.000136971814
170.8,-47,-0.001223927334,0.000627839934,0.00012359736
170.95,-47,-0.001091081686,0.00054074319,0.000110298688
171.1,-47,-0.00096113681,0.000461710574,9.714986e-05
171.25,-47,-0.000833951656,0.000389618422,8.420772e-05
171.4,-47,-0.000709357742,0.00032343484,7.1510508e-05
171.55,-47,-0.000587138028,0.00026220099,5.907505e-05
171.7,-47,-0.000467015052,0.000205014194,4.6896034e-05
171.85,-47,-0.00034865048,0.000151015084,3.4947744e-05
172,-47,-0.00023165282,9.9377668e-05,2.3187452e-05
172.15,-47,-0.000115589412,4.9300798e-05,1.155957e-05
172.3,-47,0,0,0
166,-46.875,0,0,0
166.15,-46.875,-0.000177412796,0.000157280404,-0.000234509618
166.3,-46.875,-0.000353170444,0.000336306278,-0.000452747278
166.45,-46.875,-0.00052683461,0.000553597408,-0.000640779204
166.6,-46.875,-0.00070012765,0.00081706899,-0.00078848504
166.75,-46.875,-0.000878004364,0.001127410772,-0.000888059216
166.9,-46.875,-0.001072489086,0.00148679585,-0.000928377102
167.05,-46.875,-0.0013150175,0.001908026838,-0.00089872442
167.2,-46.875,-0.001565460976,0.002314285676,-0.000835518026
167.35,-46.875,-0.00178849401,0.002655386214,-0.000738557192
167.5,-46.875,-0.00197766,0.00291697,-0.00061599
167.65,-46.875,-0.00224339,0.00318284,-0.00049886
167.8,-46.875,-0.00249638,0.00337945,-0.00038417
167.95,-46.875,-0.00272589,0.00350502,-0.00027513
168.1,-46.875,-0.00292357,0.00356288,-0.00017423
168.25,-46.875,-0.00308402,0.00356003,-8.314e-05
168.4,-46.875,-0.00320483,0.00350574,-2.8e-06
168.55,-46.875,-0.00328613,0.0034102,6.653e-05
168.7,-46.875,-0.00333012,0.00328349,0.00012509
168.85,-46.875,-0.00328805665,0.003035955702,0.000161681426
169,-46.875,-0.003233993972,0.002825871918,0.000194970648
169.15,-46.875,-0.00316239743,0.002628537294,0.000221731934
169.3,-46.875,-0.003073562444,0.002437663654,0.000241557738
169.45,-46.875,-0.002967833432,0.00225020681,0.000254524276
169.6,-46.875,-0.002841377318,0.00205951656,0.00025996162
169.75,-46.875,-0.0026757559,0.001843508866,0.00025415145
169.9,-46.875,-0.002504210314,0.001641742436,0.00024449267
170.05,-46.875,-0.002323239512,0.001448653142,0.000230279834
170.2,-46.875,-0.002142296854,0.001272049034,0.000214269634
170.35,-46.875,-0.001965302984,0.00111373425,0.000197745886
170.5,-46.875,-0.001793166504,0.000972517316,0.00018116439
170.65,-46.875,-0.001625714432,0.000846354168,0.000164667216
170.8,-46.875,-0.001462521476,0.00073318138,0.000148309184
170.95,-46.875,-0.00130320339,0.000631157756,0.00013213654
171.1,-46.875,-0.001147496954,0.00053869861,0.000116206826
171.25,-46.875,-0.000995214794,0.00045442837,0.000100578976
171.4,-46.875,-0.0008461661,0.000377117982,8.5296718e-05
171.55,-46.875,-0.000700098716,0.000305636508,7.0377674e-05
171.7,-46.875,-0.000556674862,0.000238921028,5.581029e-05
171.85,-46.875,-0.000415471778,0.000175959106,4.1556248e-05
172,-46.875,-0.000275995386,0.000115777378,2.7555516e-05
172.15,-46.875,-0.000137698604,5.743215e-05,1.3732166e-05
172.3,-46.875,0,0,0
166,-46.75,0,0,0
166.15,-46.75,-0.000207034296,0.000138116334,-0.000307598564
166.3,-46.75,-0.000409541966,0.00031059589,-0.000591478434
166.45,-46.75,-0.000604902218,0.00054233036,-0.000832065998
166.6,-46.75,-0.000793246102,0.00084083839,-0.001018124632
166.75,-46.75,-0.000976555116,0.00119635979,-0.001145100962
166.9,-46.75,-0.00116074,0.00160515,-0.00119104
167.05,-46.75,-0.001496003912,0.00220185163,-0.001088172604
167.2,-46.75,-0.001847508146,0.002756229684,-0.000985835994
167.35,-46.75,-0.00215162506,0.003202409178,-0.000857870746
167.5,-46.75,-0.00237108,0.0035029,-0.0007014
167.65,-46.75,-0.00270254,0.00381164,-0.00056158
167.8,-46.75,-0.00301164,0.00402412,-0.00042549
167.95,-46.75,-0.00328378,0.00414105,-0.00029728
168.1,-46.75,-0.00350869,0.00417024,-0.00018003
168.25,-46.75,-0.00368083,0.00412411,-7.566e-05
168.4,-46.75,-0.00379904,0.00401734,1.491e-05
168.55,-46.75,-0.00386568,0.00386486,9.166e-05
168.7,-46.75,-0.00388557,0.00368053,0.00015517
168.85,-46.75,-0.00386495,0.00347635,0.00020645
169,-46.75,-0.00381066,0.00326215,0.00024678
169.15,-46.75,-0.00372945,0.00304559,0.00027753
169.3,-46.75,-0.00362763,0.00283234,0.00030006
169.45,-46.75,-0.00351078,0.00262642,0.00031568
169.6,-46.75,-0.0033837,0.00243047,0.00032555
169.75,-46.75,-0.003146007092,0.002127452688,0.00030841315
169.9,-46.75,-0.002943282466,0.001892951884,0.000296041152
170.05,-46.75,-0.002715472458,0.001654702412,0.00027450879
170.2,-46.75,-0.002495271652,0.001444169742,0.000252869888
170.35,-46.75,-0.002284925636,0.001260347222,0.000232060336
170.5,-46.75,-0.002082855676,0.001098780728,0.00021192247
170.65,-46.75,-0.001887367764,0.000955492192,0.000192223474
170.8,-46.75,-0.001697240748,0.000827373662,0.00017283562
170.95,-46.75,-0.001511713446,0.000712007846,0.000153731466
171.1,-46.75,-0.00133043282,0.000607497738,0.000134961928
171.25,-46.75,-0.00115324447,0.000512278464,0.000116604638
171.4,-46.75,-0.000979993146,0.000424972208,9.8719714e-05
171.55,-46.75,-0.00081041587,0.00034430603,8.132864e-05
171.7,-46.75,-0.000644113906,0.000269074308,6.4411206e-05
171.85,-46.75,-0.000480566386,0.000198122932,4.7911436e-05
172,-46.75,-0.00031915834,0.00013034059,3.1746202e-05
172.15,-46.75,-0.000159209618,6.4650424e-05,1.5813574e-05
172.3,-46.75,0,0,0
166,-46.625,0,0,0
166.15,-46.625,-0.000241182418,8.458904e-05,-0.000404406204
166.3,-46.625,-0.000473060908,0.000225630584,-0.000773501898
166.45,-46.625,-0.000689986192,0.000464289754,-0.001077881722
166.6,-46.625,-0.000891399426,0.000807594416,-0.001306846526
166.75,-46.625,-0.00107423,0.00121204,-0.00148318
166.9,-46.625,-0.00133651,0.00186072,-0.00139461
167.05,-46.625,-0.00166075,0.002538,-0.00127709
167.2,-46.625,-0.002176942638,0.003306372254,-0.0011617826
167.35,-46.625,-0.002599418084,0.003895120814,-0.001005689798
167.5,-46.625,-0.00289077,0.00426689,-0.0008107
167.65,-46.625,-0.00330915,0.00462203,-0.00064217
167.8,-46.625,-0.00368851,0.00484161,-0.00047912
167.95,-46.625,-0.00400934,0.004932,-0.00032702
168.1,-46.625,-0.00425968,0.00490921,-0.00018971
168.25,-46.625,-0.00443515,0.00479448,-6.94e-05
168.4,-46.625,-0.0045377,0.00461054,3.315e-05
168.55,-46.625,-0.00457377,0.0043788,0.00011828
168.7,-46.625,-0.00455248,0.00411784,0.00018712
168.85,-46.625,-0.00448403,0.00384267,0.00024129
169,-46.625,-0.00437857,0.00356479,0.00028262
169.15,-46.625,-0.00424549,0.00329249,0.00031297
169.3,-46.625,-0.00409298,0.00303138,0.00033413
169.45,-46.625,-0.00392793,0.00278499,0.00034775
169.6,-46.625,-0.0037559,0.00255523,0.00035526
169.75,-46.625,-0.00358129,0.00234288,0.00035791
169.9,-46.625,-0.00340744,0.00214791,0.00035675
170.05,-46.625,-0.003100096202,0.001833034882,0.000318844282
170.2,-46.625,-0.00283839166,0.001589580298,0.000290640794
170.35,-46.625,-0.002596272234,0.001384704166,0.000265703102
170.5,-46.625,-0.0023659628,0.001206766182,0.00024224168
170.65,-46.625,-0.002143660198,0.00104946021,0.000219468588
170.8,-46.625,-0.001927360304,0.000908813228,0.000197078358
170.95,-46.625,-0.001715976826,0.000782002224,0.000174991772
171.1,-46.625,-0.001509276408,0.000667006036,0.000153304784
171.25,-46.625,-0.001307337122,0.00056221554,0.000132157932
171.4,-46.625,-0.001110146142,0.000466186358,0.00011164886
171.55,-46.625,-0.00091745771,0.000377541098,9.1805964e-05
171.7,-46.625,-0.000728798508,0.000294947238,7.2594458e-05
171.85,-46.625,-0.000543521516,0.000217117726,5.3932092e-05
172,-46.625,-0.000360861974,0.000142811626,3.5704284e-05
172.15,-46.625,-0.000179981526,7.0828954e-05,1.7775924e-05
172.3,-46.625,0,0,0
166,-46.5,0,0,0
166.15,-46.5,-0.000284634472,-2.5390762e-05,-0.000536524356
166.3,-46.5,-0.000551533052,4.3047656e-05,-0.00102024123
166.45,-46.5,-0.000790582216,0.000281603656,-0.001399112466
166.6,-46.5,-0.00100813541,0.000713209518,-0.001648199748
166.75,-46.5,-0.00122725,0.0013239,-0.00175111
166.9,-46.5,-0.0015556,0.00217866,-0.00165451
167.05,-46.5,-0.00197535,0.00307574,-0.00151888
167.2,-46.5,-0.00260009432,0.00403613852,-0.00137851461
167.35,-46.5,-0.003178334642,0.004804811822,-0.001192405842
167.5,-46.5,-0.00369304616,0.005352067956,-0.00097737896
167.65,-46.5,-0.00412845,0.00568122,-0.00075006
167.8,-46.5,-0.00459433,0.00588793,-0.00055226
167.95,-46.5,-0.00496678,0.00591982,-0.00036965
168.1,-46.5,-0.00523373,0.00580753,-0.00020712
168.25,-46.5,-0.00539491,0.00558643,-6.716e-05
168.4,-46.5,-0.00545872,0.00529083,4.976e-05
168.55,-46.5,-0.00543876,0.00495055,0.00014464
168.7,-46.5,-0.0053508,0.00458947,0.00021943
168.85,-46.5,-0.0052106,0.00422542,0.0002766
169,-46.5,-0.00503259,0.00387083,0.00031872
169.15,-46.5,-0.00482915,0.00353376,0.00034832
169.3,-46.5,-0.0046104,0.0032189,0.00036772
169.45,-46.5,-0.00438435,0.0029285,0.00037896
169.6,-46.5,-0.00415705,0.00266311,0.00038376
169.75,-46.5,-0.00393295,0.00242217,0.00038359
169.9,-46.5,-0.0037152,0.00220445,0.00037964
170.05,-46.5,-0.003439080688,0.00193994682,0.000353477546
170.2,-46.5,-0.00316192655,0.0016964124,0.000325145902
170.35,-46.5,-0.002895808842,0.001482122966,0.000297869594
170.5,-46.5,-0.002641063094,0.001294119622,0.000271872564
170.65,-46.5,-0.002393949922,0.00112676924,0.000246330838
170.8,-46.5,-0.002152563444,0.000976416814,0.000221017456
170.95,-46.5,-0.001915557144,0.000840181792,0.000195852476
171.1,-46.5,-0.001683358868,0.000716308638,0.000171107508
171.25,-46.5,-0.001456681466,0.0006033913,0.000147073442
171.4,-46.5,-0.001235796594,0.00050001659,0.000123911834
171.55,-46.5,-0.001020470318,0.00040472476,0.000101651898
171.7,-46.5,-0.000810100904,0.000316055824,8.022857e-05
171.85,-46.5,-0.000603859196,0.00023258911,5.9518186e-05
172,-46.5,-0.000400786512,0.000152959236,3.9362918e-05
172.15,-46.5,-0.000199854516,7.5853766e-05,1.958584e-05
172.3,-46.5,0,0,0
166,-46.375,0,0,0
166.15,-46.375,-0.000345822414,-0.00022919974,-0.000721449994
166.3,-46.375,-0.000657854618,-0.000309652858,-0.001371826198
166.45,-46.375,-0.000912674208,-9.41323e-05,-0.001850127166
166.6,-46.375,-0.00112331,0.00043974,-0.00213573
166.75,-46.375,-0.00141658,0.00142264,-0.00209244
166.9,-46.375,-0.00183361,0.00257869,-0.00199309
167.05,-46.375,-0.00239059,0.00379971,-0.00184008
167.2,-46.375,-0.00306975,0.00495763,-0.00164099
167.35,-46.375,-0.00382078,0.00593592,-0.00140804
167.5,-46.375,-0.00457463,0.00665535,-0.00115635
167.65,-46.375,-0.00526226,0.00708489,-0.00090153
167.8,-46.375,-0.00583022,0.0072372,-0.00065739
167.95,-46.375,-0.00624817,0.00715468,-0.00043435
168.1,-46.375,-0.00650854,0.00689352,-0.0002389
168.25,-46.375,-0.00662134,0.00651086,-7.381e-05
168.4,-46.375,-0.00660727,0.0060568,6.106e-05
168.55,-46.375,-0.00649167,0.005571,0.00016779
168.7,-46.375,-0.00630003,0.00508228,0.0002496
168.85,-46.375,-0.00605539,0.00460997,0.00031015
169,-46.375,-0.00577707,0.00416584,0.00035308
169.15,-46.375,-0.00548042,0.00375613,0.00038175
169.3,-46.375,-0.00517712,0.00338323,0.00039914
169.45,-46.375,-0.00487564,0.00304702,0.00040775
169.6,-46.375,-0.00458191,0.00274584,0.00040966
169.75,-46.375,-0.00429983,0.00247719,0.00040654
169.9,-46.375,-0.00403179,0.0022382,0.00039973
170.05,-46.375,-0.0037791,0.00202589,0.00039028
170.2,-46.375,-0.00347442501,0.001773999518,0.000358595678
170.35,-46.375,-0.003183973488,0.001553255674,0.000328756808
170.5,-46.375,-0.002908530808,0.001360820098,0.000301048142
170.65,-46.375,-0.002638512954,0.001187080314,0.000272964746
170.8,-46.375,-0.00237338641,0.001029902998,0.000244808148
170.95,-46.375,-0.002110329436,0.000885999486,0.00021629317
171.1,-46.375,-0.001851920456,0.000754655426,0.00018819933
171.25,-46.375,-0.001600233278,0.000635024434,0.000161116494
171.4,-46.375,-0.001355888446,0.00052576394,0.000135273136
171.55,-46.375,-0.001118526068,0.00042528553,0.000110661222
171.7,-46.375,-0.00088727559,0.00033196219,8.7149738e-05
171.85,-46.375,-0.000661027848,0.00024422365,6.4549166e-05
172,-46.375,-0.000438570366,0.00016058244,4.2643362e-05
172.15,-46.375,-0.000218650022,7.9626874e-05,2.1204518e-05
172.3,-46.375,0,0,0
166,-46.25,0,0,0
166.15,-46.25,-0.000440800564,-0.000581755338,-0.000977449416
166.3,-46.25,-0.000821388796,-0.000958327048,-0.001895486404
166.45,-46.25,-0.00107895,-0.00078822,-0.00249384
166.6,-46.25,-0.00130962,0.0001496,-0.00254598
166.75,-46.25,-0.00165656,0.00147374,-0.00253204
166.9,-46.25,-0.00219401,0.00308668,-0.00244443
167.05,-46.25,-0.00295555,0.00480399,-0.00228153
167.2,-46.25,-0.00390859,0.00640345,-0.00204995
167.35,-46.25,-0.00495929,0.00769174,-0.00176511
167.5,-46.25,-0.00598483,0.00855424,-0.00144895
167.65,-46.25,-0.00687303,0.00896826,-0.00112555
167.8,-46.25,-0.00754943,0.00898395,-0.0008163
167.95,-46.25,-0.00798478,0.00869121,-0.00053688
168.1,-46.25,-0.00818743,0.0081893,-0.00029622
168.25,-46.25,-0.0081895,0.007567,-9.733e-05
168.4,-46.25,-0.00803349,0.0068938,6.114e-05
168.55,-46.25,-0.00776267,0.00621861,0.00018314
168.7,-46.25,-0.00741552,0.00557264,0.00027387
168.85,-46.25,-0.00702341,0.00497353,0.00033875
169,-46.25,-0.00661031,0.00442938,0.0003829
169.15,-46.25,-0.00619363,0.00394211,0.00041079
169.3,-46.25,-0.00578531,0.00350989,0.00042621
169.45,-46.25,-0.00539314,0.00312884,0.00043221
169.6,-46.25,-0.00502176,0.00279413,0.00043126
169.75,-46.25,-0.00467361,0.00250068,0.00042526
169.9,-46.25,-0.00434959,0.00224357,0.00041572
170.05,-46.25,-0.00404955,0.00201819,0.00040374
170.2,-46.25,-0.0037727,0.00182044,0.0003902
170.35,-46.25,-0.003457129296,0.001596080114,0.000357513816
170.5,-46.25,-0.003170573696,0.001408824782,0.000330598454
170.65,-46.25,-0.00287818468,0.001230828918,0.000299671856
170.8,-46.25,-0.002592139802,0.00107011538,0.000268957222
170.95,-46.25,-0.002300453736,0.00091925773,0.00023631273
171.1,-46.25,-0.00201376024,0.000781289148,0.000204280144
171.25,-46.25,-0.001736442744,0.000656287068,0.00017392007
171.4,-46.25,-0.001468997848,0.00054272921,0.000145402998
171.55,-46.25,-0.001210469914,0.000438691226,0.000118570112
171.7,-46.25,-0.000959447544,0.000342283754,9.3159996e-05
171.85,-46.25,-0.00071440624,0.000251760862,6.888538e-05
172,-46.25,-0.000473817084,0.000165520002,4.5456846e-05
172.15,-46.25,-0.000236175208,8.2071288e-05,2.2588868e-05
172.3,-46.25,0,0,0
166,-46.125,0,0,0
166.15,-46.125,-0.000595991048,-0.00113949456,-0.00129286127
166.3,-46.125,-0.00110795,-0.00215368,-0.00273883
166.45,-46.125,-0.00133336,-0.001598,-0.00292092
166.6,-46.125,-0.00157529,-0.00042931,-0.00304756
166.75,-46.125,-0.00197191,0.00139687,-0.00310081
166.9,-46.125,-0.00267354,0.00373369,-0.00306174
167.05,-46.125,-0.00375403,0.00624758,-0.0029152
167.2,-46.125,-0.00514836,0.00852833,-0.00265881
167.35,-46.125,-0.00666914,0.01024211,-0.00230946
167.5,-46.125,-0.00808852,0.01123109,-0.00190116
167.65,-46.125,-0.00922443,0.01151708,-0.00147485
167.8,-46.125,-0.00998396,0.01123875,-0.00106719
167.95,-46.125,-0.01035974,0.01057607,-0.00070359
168.1,-46.125,-0.01040141,0.00969653,-0.00039695
168.25,-46.125,-0.01018413,0.00873004,-0.00014998
168.4,-46.125,-0.00978569,0.00776474,4.127e-05
168.55,-46.125,-0.00927392,0.00685343,0.00018413
168.7,-46.125,-0.00870208,0.00602305,0.00028703
168.85,-46.125,-0.00810892,0.00528352,0.00035811
169,-46.125,-0.00752086,0.00463452,0.00040455
169.15,-46.125,-0.00695473,0.00407018,0.00043233
169.3,-46.125,-0.00642038,0.00358211,0.00044624
169.45,-46.125,-0.00592281,0.00316113,0.00045003
169.6,-46.125,-0.00546374,0.00279831,0.00044659
169.75,-46.125,-0.00504287,0.00248544,0.0004381
169.9,-46.125,-0.0046586,0.00221524,0.00042619
170.05,-46.125,-0.00430866,0.00198138,0.00041207
170.2,-46.125,-0.00399045,0.00177843,0.00039663
170.35,-46.125,-0.00370127,0.0016018,0.0003805
170.5,-46.125,-0.00343845,0.00144757,0.00036416
170.65,-46.125,-0.003111512266,0.001257295198,0.000326167002
170.8,-46.125,-0.002816534382,0.001100471872,0.00029503615
170.95,-46.125,-0.002485585464,0.000939626908,0.00025572038
171.1,-46.125,-0.002166224022,0.000794956364,0.000218688448
171.25,-46.125,-0.001862779612,0.000666105484,0.000184880644
171.4,-46.125,-0.001573190286,0.000550174606,0.00015384867
171.55,-46.125,-0.001294908198,0.000444466408,0.000125056234
171.7,-46.125,-0.001025638428,0.000346720742,9.8034752e-05
171.85,-46.125,-0.00076333249,0.000255016038,7.237551e-05
172,-46.125,-0.000506116518,0.000167665416,4.7709776e-05
172.15,-46.125,-0.000252233724,8.313828e-05,2.369411e-05
172.3,-46.125,0,0,0
166,-46,0,0,0
166.15,-46,-0.000835213628,-0.001822542904,-0.001455165666
166.3,-46,-0.00147843,-0.00338592,-0.00308798
166.45,-46,-0.00177253,-0.0029732,-0.00337402
166.6,-46,-0.00200015,-0.00157626,-0.00362667
166.75,-46,-0.00241167,0.00099939,-0.00382586
166.9,-46,-0.00333271,0.0045452,-0.00392908
167.05,-46,-0.00493918,0.00841261,-0.00387782
167.2,-46,-0.00708677,0.01178463,-0.00363144
167.35,-46,-0.00937068,0.01406248,-0.00320018
167.5,-46,-0.01135191,0.01506588,-0.00264475
167.65,-46,-0.01274719,0.01496769,-0.00204648
167.8,-46,-0.01347789,0.01410501,-0.00147576
167.95,-46,-0.01361556,0.01281801,-0.00097683
168.1,-46,-0.01330139,0.01137002,-0.00056797
168.25,-46,-0.01268554,0.00993198,-0.00024916
168.4,-46,-0.0118956,0.00859837,-1.039e-05
168.55,-46,-0.01102693,0.007411,0.00016218
168.7,-46,-0.01014441,0.00637977,0.0002825
168.85,-46,-0.00928872,0.00549739,0.00036294
169,-46,-0.00848301,0.00474871,0.00041368
169.15,-46,-0.00773864,0.00411608,0.00044272
169.3,-46,-0.00705938,0.00358214,0.00045619
169.45,-46,-0.00644446,0.00313113,0.00045866
169.6,-46,-0.00589053,0.00274935,0.00045354
169.75,-46,-0.00539295,0.00242518,0.00044328
169.9,-46,-0.00494659,0.00214893,0.00042969
170.05,-46,-0.00454628,0.00191257,0.00041406
170.2,-46,-0.0041871,0.0017095,0.0003973
170.35,-46,-0.00386449,0.00153428,0.00038006
170.5,-46,-0.00357432,0.00138244,0.00036279
170.65,-46,-0.00331288,0.00125031,0.0003458
170.8,-46,-0.0030769,0.00113485,0.0003293
170.95,-46,-0.002659129718,0.00094382167,0.000272844194
171.1,-46,-0.002302770774,0.000792803914,0.000229872624
171.25,-46,-0.001975261392,0.000663003894,0.00019306539
171.4,-46,-0.00166607549,0.000547397324,0.000160054806
171.55,-46,-0.001370334164,0.000442279054,0.0001297714
171.7,-46,-0.001084865478,0.00034511677,0.000101547268
171.85,-46,-0.00080716877,0.000253917134,7.4872132e-05
172,-46,-0.000535082778,0.000166987348,4.9312638e-05
172.15,-46,-0.00026664317,8.281641e-05,2.4477794e-05
172.3,-46,0,0,0
166,-45.875,0,0,0
166.15,-45.875,-0.001266433466,-0.002764757054,-0.001439821396
166.3,-45.875,-0.00212931,-0.00521743,-0.00333969
166.45,-45.875,-0.00261678,-0.00533643,-0.00373218
166.6,-45.875,-0.00279236,-0.00388888,-0.0041711
166.75,-45.875,-0.00309197,-0.00020751,-0.00467871
166.9,-45.875,-0.00427805,0.00548993,-0.00517415
167.05,-45.875,-0.00681563,0.01182485,-0.00545428
167.2,-45.875,-0.010339,0.01701045,-0.00532961
167.35,-45.875,-0.01389264,0.01994753,-0.00477795
167.5,-45.875,-0.01661481,0.02059211,-0.0039425
167.65,-45.875,-0.01813221,0.01956246,-0.00301688
167.8,-45.875,-0.01851195,0.01761046,-0.00215018
167.95,-45.875,-0.01803767,0.01532675,-0.00141968
168.1,-45.875,-0.01702596,0.01307535,-0.00084581
168.25,-45.875,-0.01573684,0.01103755,-0.0004168
168.4,-45.875,-0.01435182,0.00927821,-0.00010794
168.55,-45.875,-0.01298362,0.00779925,0.0001074
168.7,-45.875,-0.01169471,0.00657377,0.00025283
168.85,-45.875,-0.01051459,0.00556521,0.00034736
169,-45.875,-0.00945268,0.00473681,0.00040552
169.15,-45.875,-0.00850711,0.00405558,0.00043809
169.3,-45.875,-0.00767017,0.00349362,0.00045288
169.45,-45.875,-0.00693162,0.003028,0.00045551
169.6,-45.875,-0.00628056,0.00264024,0.00044997
169.75,-45.875,-0.00570644,0.00231552,0.00043907
169.9,-45.875,-0.00519953,0.00204203,0.00042481
170.05,-45.875,-0.00475114,0.00181037,0.00040856
170.2,-45.875,-0.00435359,0.00161303,0.00039129
170.35,-45.875,-0.00400024,0.00144399,0.00037366
170.5,-45.875,-0.00368532,0.00129842,0.00035611
170.65,-45.875,-0.00340387,0.00117241,0.00033894
170.8,-45.875,-0.00315164,0.0010628,0.00032234
170.95,-45.875,-0.00277126263,0.000908005856,0.000276483772
171.1,-45.875,-0.002410467962,0.000769433724,0.000234892462
171.25,-45.875,-0.002069419696,0.000645708858,0.000197453486
171.4,-45.875,-0.001745516114,0.000534131744,0.000163533766
171.55,-45.875,-0.00143548749,0.000432135716,0.00013242729
171.7,-45.875,-0.001136320552,0.00033755015,0.000103510792
171.85,-45.875,-0.000845394332,0.000248548378,7.6253112e-05
172,-45.875,-0.000560402656,0.000163550428,5.0190848e-05
172.15,-45.875,-0.000279256174,8.1140016e-05,2.4904428e-05
172.3,-45.875,0,0,0
166,-45.75,0,0,0
166.15,-45.75,-0.002101210234,-0.004019055316,-0.000964429918
166.3,-45.75,-0.00327629,-0.00780469,-0.00328256
166.45,-45.75,-0.00439545,-0.00939514,-0.00363299
166.6,-45.75,-0.00455849,-0.00870348,-0.00421001
166.75,-45.75,-0.00435266,-0.00356835,-0.00532939
166.9,-45.75,-0.00571416,0.00625509,-0.00693924
167.05,-45.75,-0.01005459,0.01749882,-0.0083054
167.2,-45.75,-0.01628424,0.02577906,-0.00862773
167.35,-45.75,-0.02192923,0.02914618,-0.00780497
167.5,-45.75,-0.025368,0.02840981,-0.00631483
167.65,-45.75,-0.02641096,0.02537574,-0.00468994
167.8,-45.75,-0.02566374,0.0215505,-0.0032513
167.95,-45.75,-0.0238723,0.01781029,-0.00211327
168.1,-45.75,-0.02162183,0.01453594,-0.00127158
168.25,-45.75,-0.01928383,0.01182409,-0.00067517
168.4,-45.75,-0.01706022,0.00964016,-0.00026497
168.55,-45.75,-0.01504282,0.00790362,1.044e-05
168.7,-45.75,-0.01326005,0.00652805,0.00019095
168.85,-45.75,-0.01170738,0.00543672,0.00030575
169,-45.75,-0.01036519,0.00456681,0.00037554
169.15,-45.75,-0.00920856,0.00386889,0.00041474
169.3,-45.75,-0.00821216,0.00330473,0.00043334
169.45,-45.75,-0.00735258,0.0028451,0.00043818
169.6,-45.75,-0.00660917,0.0024676,0.00043398
169.75,-45.75,-0.00596415,0.00215512,0.00042397
169.9,-45.75,-0.0054025,0.00189445,0.00041035
170.05,-45.75,-0.00491158,0.0016754,0.00039465
170.2,-45.75,-0.0044808,0.00149004,0.00037787
170.35,-45.75,-0.00410134,0.00133214,0.00036072
170.5,-45.75,-0.00376579,0.00119677,0.00034365
170.65,-45.75,-0.00346797,0.00108004,0.00032697
170.8,-45.75,-0.00320269,0.00097881,0.00031086
170.95,-45.75,-0.002863812844,0.000855968032,0.000275858434
171.1,-45.75,-0.002498418748,0.00073121627,0.000235759966
171.25,-45.75,-0.002146433312,0.000616266072,0.000198322322
171.4,-45.75,-0.001811081786,0.000511285074,0.000164199484
171.55,-45.75,-0.001489779128,0.000414581918,0.0001328932
171.7,-45.75,-0.001179534912,0.000324399732,0.000103815494
171.85,-45.75,-0.00087768535,0.000239175802,7.6438678e-05
172,-45.75,-0.00058187734,0.000157525972,5.0293212e-05
172.15,-45.75,-0.000289978874,7.8193228e-05,2.4949068e-05
172.3,-45.75,0,0,0
166,-45.625,0,0,0
166.15,-45.625,-0.003862117472,-0.005506774208,0.000864661728
166.3,-45.625,-0.00513311,-0.01099392,-0.00253214
166.45,-45.625,-0.00834277,-0.01606139,-0.00211026
166.6,-45.625,-0.009257,-0.01902349,-0.00195474
166.75,-45.625,-0.00744504,-0.0131573,-0.00390039
166.9,-45.625,-0.0080774,0.00520368,-0.00894919
167.05,-45.625,-0.01630134,0.02730181,-0.01412817
167.2,-45.625,-0.0282091,0.04081726,-0.01578923
167.35,-45.625,-0.03689503,0.04315761,-0.01398016
167.5,-45.625,-0.04001328,0.03866804,-0.01071788
167.65,-45.625,-0.03883062,0.03185572,-0.00751691
167.8,-45.625,-0.03536514,0.02521262,-0.00496855
167.95,-45.625,-0.03111086,0.01965264,-0.00313161
168.1,-45.625,-0.02689631,0.01530009,-0.00187413
168.25,-45.625,-0.02308838,0.01198883,-0.00103709
168.4,-45.625,-0.01979915,0.00949241,-0.00048899
168.55,-45.625,-0.01702022,0.00760755,-0.00013441
168.7,-45.625,-0.01469551,0.0061743,9.204e-05
168.85,-45.625,-0.01275649,0.0050735,0.00023398
169,-45.625,-0.01113744,0.00421843,0.00032025
169.15,-45.625,-0.00978099,0.0035464,0.00036983
169.3,-45.625,-0.00863922,0.00301206,0.00039526
169.45,-45.625,-0.00767299,0.00258242,0.00040486
169.6,-45.625,-0.00685068,0.00223327,0.00040416
169.75,-45.625,-0.00614683,0.00194666,0.00039688
169.9,-45.625,-0.00554096,0.00170918,0.00038549
170.05,-45.625,-0.00501658,0.00151068,0.00037167
170.2,-45.625,-0.00456033,0.00134339,0.00035655
170.35,-45.625,-0.00416135,0.00120134,0.00034088
170.5,-45.625,-0.00381077,0.00107986,0.00032515
170.65,-45.625,-0.00350134,0.00097529,0.00030969
170.8,-45.625,-0.00322703,0.00088473,0.00029471
170.95,-45.625,-0.00298288,0.00080584,0.00028033
171.1,-45.625,-0.002572960874,0.000683197252,0.000233966648
171.25,-45.625,-0.002206813018,0.000576854082,0.000195876352
171.4,-45.625,-0.001862598588,0.000480160564,0.000162048648
171.55,-45.625,-0.001533012322,0.000390507152,0.000131130534
171.7,-45.625,-0.001214354618,0.000306291056,0.000102419308
171.85,-45.625,-0.000903934814,0.000226229126,7.5392896e-05
172,-45.625,-0.000599442478,0.00014918443,4.9594254e-05
172.15,-45.625,-0.00029878198,7.4106922e-05,2.4598634e-05
172.3,-45.625,0,0,0
166,-45.5,0,0,0
166.15,-45.5,-0.008214149652,-0.00701412152,0.006955216828
166.3,-45.5,-0.014808482926,-0.015165147854,0.01013937888
166.45,-45.5,-0.01672644,-0.02514467,0.0029045
166.6,-45.5,-0.02350615,-0.04042438,0.00912265
166.75,-45.5,-0.01813626,-0.04211023,0.01019885
166.9,-45.5,-0.01234204,-0.00583747,-0.0064628
167.05,-45.5,-0.02967938,0.04305466,-0.02720527
167.2,-45.5,-0.05356757,0.06482621,-0.03247437
167.35,-45.5,-0.0645891,0.06174951,-0.02661292
167.5,-45.5,-0.06327845,0.04949103,-0.0185206
167.65,-45.5,-0.05599349,0.03700705,-0.01193479
167.8,-45.5,-0.04724131,0.02709336,-0.0073981
167.95,-45.5,-0.03909912,0.01988739,-0.00447445
168.1,-45.5,-0.03222326,0.01480077,-0.00263732
168.25,-45.5,-0.0266477,0.01121926,-0.00149059
168.4,-45.5,-0.0221948,0.00867202,-0.00077413
168.55,-45.5,-0.018648,0.00683174,-0.00032538
168.7,-45.5,-0.01581244,0.00547835,-4.429e-05
168.85,-45.5,-0.01352983,0.00446489,0.00013081
169,-45.5,-0.0116769,0.0036926,0.00023822
169.15,-45.5,-0.01015932,0.00309436,0.00030202
169.3,-45.5,-0.00890528,0.00262382,0.00033755
169.45,-45.5,-0.00785998,0.00224851,0.00035468
169.6,-45.5,-0.00698147,0.00194528,0.00035986
169.75,-45.5,-0.00623734,0.0016974,0.00035732
169.9,-45.5,-0.00560242,0.00149258,0.00034988
170.05,-45.5,-0.00505696,0.00132167,0.00033942
170.2,-45.5,-0.00458536,0.00117776,0.0003272
170.35,-45.5,-0.00417518,0.0010556,0.00031407
170.5,-45.5,-0.00381645,0.00095109,0.00030059
170.65,-45.5,-0.00350108,0.00086107,0.00028712
170.8,-45.5,-0.00322249,0.00078303,0.00027392
170.95,-45.5,-0.00297527,0.00071496,0.00026114
171.1,-45.5,-0.00260373173,0.000618878658,0.000223900272
171.25,-45.5,-0.002245259302,0.000527792442,0.000189167792
171.4,-45.5,-0.001899487224,0.000441995946,0.00015698822
171.55,-45.5,-0.001565316952,0.00036099507,0.000127160978
171.7,-45.5,-0.001240936426,0.000284028218,9.9338308e-05
171.85,-45.5,-0.000924256812,0.000210265216,7.3119346e-05
172,-45.5,-0.000613175778,0.000138875696,4.809227e-05
172.15,-45.5,-0.000305706566,6.9050034e-05,2.3851216e-05
172.3,-45.5,0,0,0
166,-45.375,0,0,0
166.15,-45.375,-0.014185998212,-0.007384564014,0.016816826702
166.3,-45.375,-0.029160232048,-0.017507879898,0.03322993869
166.45,-45.375,-0.045781139896,-0.035119339942,0.04698387242
166.6,-45.375,-0.06480294,-0.07132575,0.04719667
166.75,-45.375,-0.06528653,-0.12063294,0.09662434
166.9,-45.375,-0.01938452,-0.06150253,0.04601028
167.05,-45.375,-0.05496555,0.05319676,-0.05008932
167.2,-45.375,-0.10185884,0.08988539,-0.06761173
167.35,-45.375,-0.10897891,0.07668717,-0.04929389
167.5,-45.375,-0.09447302,0.05448387,-0.03034481
167.65,-45.375,-0.07558534,0.03688638,-0.01774162
167.8,-45.375,-0.05903073,0.02509392,-0.01027341
167.95,-45.375,-0.04612715,0.01750624,-0.0059642
168.1,-45.375,-0.03643667,0.01259747,-0.00346277
168.25,-45.375,-0.02920155,0.00934832,-0.00198537
168.4,-45.375,-0.02375977,0.00713566,-0.00109568
168.55,-45.375,-0.01961437,0.00558464,-0.00055061
168.7,-45.375,-0.01641027,0.00446732,-0.00021238
168.85,-45.375,-0.01389712,0.00364209,-1.07e-06
169,-45.375,-0.01189797,0.00301875,0.00013078
169.15,-45.375,-0.01028663,0.00253835,0.00021205
169.3,-45.375,-0.00897202,0.00216145,0.00026067
169.45,-45.375,-0.00788748,0.00186098,0.00028801
169.6,-45.375,-0.0069836,0.00161801,0.00030139
169.75,-45.375,-0.00622323,0.001419,0.0003056
169.9,-45.375,-0.00557814,0.00125413,0.00030383
170.05,-45.375,-0.00502654,0.00111611,0.00029818
170.2,-45.375,-0.00455152,0.00099948,0.0002901
170.35,-45.375,-0.00413973,0.00090009,0.00028055
170.5,-45.375,-0.00378059,0.00081473,0.00027019
170.65,-45.375,-0.00346561,0.0007409,0.00025947
170.8,-45.375,-0.00318792,0.00067664,0.0002487
170.95,-45.375,-0.00294192,0.00062035,0.00023807
171.1,-45.375,-0.00262143674,0.000549564934,0.00021132665
171.25,-45.375,-0.002271005234,0.000473441082,0.000179906324
171.4,-45.375,-0.001924774058,0.00039903571,0.000149575466
171.55,-45.375,-0.001587831836,0.000327448962,0.000121186848
171.7,-45.375,-0.00125981732,0.000258561526,9.4653598e-05
171.85,-45.375,-0.000938980232,0.000191927824,6.9653912e-05
172,-45.375,-0.000623297258,0.000127003108,4.5804262e-05
172.15,-45.375,-0.000310868504,6.3217518e-05,2.2713962e-05
172.3,-45.375,0,0,0
166,-45.25,0,0,0
166.15,-45.25,-0.019369611148,-0.00501625464,0.02708215129
166.3,-45.25,-0.041865307158,-0.012362467782,0.058979676762
166.45,-45.25,-0.072434947536,-0.026499059866,0.104604380988
166.6,-45.25,-0.121028181282,-0.059373364468,0.18731182171
166.75,-45.25,-0.20874194,-0.14893083,0.38106461
166.9,-45.25,-0.02702615,-0.15446524,0.3563919
167.05,-45.25,-0.05491291,0.00827139,-0.01613488
167.2,-45.25,-0.15089082,0.08025094,-0.1093384
167.35,-45.25,-0.15441448,0.06777144,-0.0768985
167.5,-45.25,-0.12170249,0.04386832,-0.04279737
167.65,-45.25,-0.08973631,0.02755679,-0.02308114
167.8,-45.25,-0.06605871,0.01793438,-0.01270451
167.95,-45.25,-0.04955681,0.01225801,-0.00719561
168.1,-45.25,-0.03806965,0.00877792,-0.00416686
168.25,-45.25,-0.02993039,0.00654359,-0.00243633
168.4,-45.25,-0.02402955,0.00504453,-0.00141257
168.55,-45.25,-0.01965117,0.00399863,-0.0007891
168.7,-45.25,-0.01633122,0.00324372,-0.00040071
168.85,-45.25,-0.01376381,0.0026827,-0.0001548
169,-45.25,-0.01174305,0.00225519,2.37e-06
169.15,-45.25,-0.01012734,0.0019223,0.000103
169.3,-45.25,-0.00881723,0.00165818,0.00016691
169.45,-45.25,-0.0077415,0.00144518,0.00020661
169.6,-45.25,-0.00684824,0.00127094,0.00023018
169.75,-45.25,-0.00609894,0.00112658,0.0002429
169.9,-45.25,-0.00546464,0.00100565,0.0002483
170.05,-45.25,-0.0049232,0.00090333,0.00024876
170.2,-45.25,-0.00445754,0.00081597,0.00024592
170.35,-45.25,-0.00405429,0.00074079,0.0002409
170.5,-45.25,-0.00370287,0.00067561,0.00023448
170.65,-45.25,-0.00339483,0.00061873,0.00022719
170.8,-45.25,-0.00312337,0.00056879,0.00021942
170.95,-45.25,-0.00288297,0.00052471,0.00021144
171.1,-45.25,-0.00266909,0.00048559,0.00020343
171.25,-45.25,-0.002292550836,0.000417371242,0.00016955539
171.4,-45.25,-0.001940771938,0.000353256848,0.000140220468
171.55,-45.25,-0.001601419016,0.000291203546,0.00011335735
171.7,-45.25,-0.001271520784,0.000230841102,8.8435328e-05
171.85,-45.25,-0.000948549538,0.000171881442,6.5038438e-05
172,-45.25,-0.000630164514,0.000113991392,4.2756906e-05
172.15,-45.25,-0.000314470196,5.6816926e-05,2.1200372e-05
172.3,-45.25,0,0,0
166,-45.125,0,0,0
166.15,-45.125,-0.021427139224,-0.000317986764,0.032532101694
166.3,-45.125,-0.046496437902,-0.000426676726,0.071002236078
166.45,-45.125,-0.081065161804,0.000858932728,0.125142153064
166.6,-45.125,-0.138132897596,0.009262181994,0.216381625852
166.75,-45.125,-0.25392987,0.05083435,0.40014033
166.9,-45.125,-0.10318923,0.00694381,0.71302759
167.05,-45.125,0.0306203,-0.02092212,0.21361515
167.2,-45.125,-0.12237504,0.02634554,-0.09210094
167.35,-45.125,-0.15483835,0.02585147,-0.08469522
167.5,-45.125,-0.12125376,0.01652384,-0.04646223
167.65,-45.125,-0.08736885,0.01068054,-0.02454668
167.8,-45.125,-0.06334323,0.00740583,-0.01345543
167.95,-45.125,-0.04714147,0.0054629,-0.00769772
168.1,-45.125,-0.03608834,0.00422088,-0.00455573
168.25,-45.125,-0.0283469,0.0033747,-0.00275576
168.4,-45.125,-0.02276984,0.00276864,-0.00168069
168.55,-45.125,-0.01864465,0.0023174,-0.00101623
168.7,-45.125,-0.01552038,0.00197103,-0.00059415
168.85,-45.125,-0.01310431,0.00169861,-0.00032032
169,-45.125,-0.01120131,0.00148005,-0.00013992
169.15,-45.125,-0.009678,0.00130175,-1.989e-05
169.3,-45.125,-0.0084411,0.00115424,6.026e-05
169.45,-45.125,-0.00742394,0.00103072,0.00011362
169.6,-45.125,-0.00657797,0.0009262,0.00014872
169.75,-45.125,-0.00586721,0.00083693,0.00017121
169.9,-45.125,-0.00526458,0.00076005,0.00018493
170.05,-45.125,-0.00474939,0.00069335,0.00019252
170.2,-45.125,-0.00430565,0.00063511,0.0001958
170.35,-45.125,-0.00392082,0.00058394,0.00019607
170.5,-45.125,-0.003585,0.00053873,0.00019422
170.65,-45.125,-0.00329024,0.0004986,0.00019093
170.8,-45.125,-0.00303017,0.0004628,0.00018666
170.95,-45.125,-0.00279957,0.00043073,0.00018174
171.1,-45.125,-0.00259417,0.00040189,0.00017642
171.25,-45.125,-0.00228933617,0.000357197034,0.000154664764
171.4,-45.125,-0.001944343844,0.000305416898,0.00012839367
171.55,-45.125,-0.001605551502,0.000253267266,0.000103586758
171.7,-45.125,-0.001276297264,0.000201717896,8.0691924e-05
171.85,-45.125,-0.000953532622,0.000150765454,5.9307608e-05
172,-45.125,-0.000634341066,0.000100264094,3.8984554e-05
172.15,-45.125,-0.000316847764,5.0058798e-05,1.9330616e-05
172.3,-45.125,0,0,0
166,-45,0,0,0
166.15,-45,-0.019842507848,0.004170984308,0.032044019408
166.3,-45,-0.041628143424,0.010114814912,0.067355012794
166.45,-45,-0.067196364182,0.021099285512,0.108580369336
166.6,-45,-0.096508377296,0.044728809714,0.152932198634
166.75,-45,-0.11728641,0.09877497,0.16691926
166.9,-45,-0.12142317,0.2089142,0.45298477
167.05,-45,0.06837283,0.1259999,0.32306006
167.2,-45,-0.02179938,0.01322318,-0.00603707
167.35,-45,-0.0878914,-0.00944968,-0.05263994
167.5,-45,-0.08345709,-0.00732104,-0.03513424
167.65,-45,-0.06582522,-0.00379567,-0.02049533
167.8,-45,-0.05046241,-0.00157988,-0.01205208
167.95,-45,-0.03902619,-0.0003613,-0.00730248
168.1,-45,-0.0307255,0.00028136,-0.0045522
168.25,-45,-0.02465354,0.00060781,-0.0028994
168.4,-45,-0.02013515,0.00076156,-0.00187091
168.55,-45,-0.01670803,0.00082077,-0.00121132
168.7,-45,-0.01405998,0.00082834,-0.00077748
168.85,-45,-0.01197851,0.00080819,-0.00048617
169,-45,-0.01031675,0.0007738,-0.0002873
169.15,-45,-0.00897134,0.00073284,-0.00014983
169.3,-45,-0.00786825,0.00068966,-5.396e-05
169.45,-45,-0.00695352,0.00064673,1.323e-05
169.6,-45,-0.00618721,0.00060536,6.033e-05
169.75,-45,-0.00553927,0.00056626,9.321e-05
169.9,-45,-0.0049868,0.0005297,0.00011589
170.05,-45,-0.00451213,0.00049577,0.00013122
170.2,-45,-0.00410146,0.0004644,0.00014118
170.35,-45,-0.00374388,0.00043549,0.00014724
170.5,-45,-0.00343069,0.00040886,0.00015044
170.65,-45,-0.00315489,0.00038434,0.00015154
170.8,-45,-0.00291081,0.00036177,0.0001511
170.95,-45,-0.0026938,0.00034098,0.00014955
171.1,-45,-0.00250002,0.0003218,0.00014721
171.25,-45,-0.00232628,0.00030411,0.00014429
171.4,-45,-0.001941715764,0.000257946444,0.000115102688
171.55,-45,-0.001600145886,0.000214730724,9.1904088e-05
171.7,-45,-0.00127458415,0.000171997764,7.1438e-05
171.85,-45,-0.000954942618,0.00012919838,5.2515516e-05
172,-45,-0.000636819364,8.6240732e-05,3.4543082e-05
172.15,-45,-0.000318579796,4.3154168e-05,1.7137544e-05
172.3,-45,0,0,0
166,-44.875,0,0,0
166.15,-44.875,-0.016314748742,0.006887109082,0.028288963142
166.3,-44.875,-0.032977263762,0.015615666558,0.05779342635
166.45,-44.875,-0.049583774202,0.028694584694,0.088892112856
166.6,-44.875,-0.063417837404,0.049778801348,0.119847539348
166.75,-44.875,-0.066450170708,0.082457142522,0.147935422928
166.9,-44.875,-0.045774618018,0.12071036556,0.200626918876
167.05,-44.875,0.02952816,0.11824207,0.09324288
167.2,-44.875,0.01602931,0.0351119,0.01286634
167.35,-44.875,-0.02367665,-0.00385556,-0.01922928
167.5,-44.875,-0.03835268,-0.00989376,-0.019512
167.65,-44.875,-0.03813063,-0.00793538,-0.01408723
167.8,-44.875,-0.03341744,-0.00532662,-0.00948244
167.95,-44.875,-0.02817594,-0.00336535,-0.00632498
168.1,-44.875,-0.02354592,-0.0020494,-0.00425045
168.25,-44.875,-0.01972599,-0.00119292,-0.00288687
168.4,-44.875,-0.0166411,-0.00063877,-0.0019784
168.55,-44.875,-0.0141586,-0.00027985,-0.00136276
168.7,-44.875,-0.01215284,-4.711e-05,-0.00093846
168.85,-44.875,-0.01052044,0.00010343,-0.00064144
169,-44.875,-0.00918054,0.00019985,-0.00043068
169.15,-44.875,-0.00807094,0.00026034,-0.00027939
169.3,-44.875,-0.00714404,0.00029675,-0.00016976
169.45,-44.875,-0.00636328,0.00031695,-8.976e-05
169.6,-44.875,-0.00570043,0.0003262,-3.11e-05
169.75,-44.875,-0.00513354,0.00032807,1.203e-05
169.9,-44.875,-0.00464538,0.00032501,4.372e-05
170.05,-44.875,-0.00422232,0.00031868,6.692e-05
170.2,-44.875,-0.00385351,0.00031025,8.377e-05
170.35,-44.875,-0.00353021,0.00030053,9.584e-05
170.5,-44.875,-0.00324535,0.00029008,0.00010428
170.65,-44.875,-0.00299315,0.00027929,0.00010998
170.8,-44.875,-0.00276887,0.00026844,0.00011358
170.95,-44.875,-0.00256859,0.0002577,0.00011558
171.1,-44.875,-0.00238904,0.0002472,0.00011637
171.25,-44.875,-0.00222748,0.00023703,0.00011623
171.4,-44.875,-0.001896093324,0.000207528154,9.5822994e-05
171.55,-44.875,-0.001578732132,0.000175711424,7.7488908e-05
171.7,-44.875,-0.001266950828,0.000142344052,6.064047e-05
171.85,-44.875,-0.000954834342,0.000107789572,4.4773374e-05
172,-44.875,-0.00063941397,7.2346284e-05,2.9534716e-05
172.15,-44.875,-0.00032065206,3.6317144e-05,1.4676474e-05
172.3,-44.875,0,0,0
166,-44.75,0,0,0
166.15,-44.75,-0.01243922336,0.007761785464,0.023318406812
166.3,-44.75,-0.02438238868,0.016766157544,0.04663761661
166.45,-44.75,-0.034743631462,0.028284585356,0.069347116386
166.6,-44.75,-0.041129027412,0.043234668462,0.089630422976
166.75,-44.75,-0.039321817412,0.06056443318,0.104347973484
166.9,-44.75,-0.024753291364,0.073228049718,0.108344602576
167.05,-44.75,0.002756872256,0.064272479122,0.061310498968
167.2,-44.75,0.01095032,0.02505825,0.00022089
167.35,-44.75,-0.00201064,0.00549113,-0.00867827
167.5,-44.75,-0.01301054,-0.00319114,-0.01062855
167.65,-44.75,-0.01807576,-0.00517327,-0.00921997
167.8,-44.75,-0.01908649,-0.00471457,-0.00711478
167.95,-44.75,-0.01814861,-0.0036887,-0.00525606
168.1,-44.75,-0.01648137,-0.00271141,-0.00382572
168.25,-44.75,-0.0146646,-0.0019294,-0.00277593
168.4,-44.75,-0.01294262,-0.00134169,-0.00201661
168.55,-44.75,-0.01140182,-0.00091102,-0.00146783
168.7,-44.75,-0.01005884,-0.0005985,-0.00106916
168.85,-44.75,-0.0089019,-0.00037242,-0.00077731
169,-44.75,-0.00790939,-0.00020892,-0.00056187
169.15,-44.75,-0.00705805,-9.069e-05,-0.00040152
169.3,-44.75,-0.00632627,-5.27e-06,-0.00028127
169.45,-44.75,-0.00569513,5.627e-05,-0.0001905
169.6,-44.75,-0.00514858,0.00010032,-0.00012159
169.75,-44.75,-0.00467323,0.00013152,-6.907e-05
169.9,-44.75,-0.00425796,0.00015323,-2.891e-05
170.05,-44.75,-0.00389356,0.0001679,1.84e-06
170.2,-44.75,-0.00357242,0.00017734,2.537e-05
170.35,-44.75,-0.0032882,0.00018288,4.335e-05
170.5,-44.75,-0.00303565,0.00018553,5.701e-05
170.65,-44.75,-0.00281038,0.00018603,6.73e-05
170.8,-44.75,-0.00260869,0.00018494,7.497e-05
170.95,-44.75,-0.0024275,0.00018268,8.057e-05
171.1,-44.75,-0.00226417,0.00017959,8.454e-05
171.25,-44.75,-0.00211649,0.0001759,8.722e-05
171.4,-44.75,-0.001836445398,0.000159424744,7.447038e-05
171.55,-44.75,-0.001551738488,0.00013824277,6.1588078e-05
171.7,-44.75,-0.00125965269,0.000113877446,4.8861602e-05
171.85,-44.75,-0.000958029948,8.7269574e-05,3.6402794e-05
172,-44.75,-0.000645350118,5.9037688e-05,2.4145932e-05
172.15,-44.75,-0.00032461447,2.9768128e-05,1.2033636e-05
172.3,-44.75,0,0,0
166,-44.625,0,0,0
166.15,-44.625,-0.009059756016,0.007393875228,0.018347047494
166.3,-44.625,-0.017369436138,0.015402592802,0.036091516892
166.45,-44.625,-0.023879335556,0.02444293072,0.052228313102
166.6,-44.625,-0.027032823364,0.034310853968,0.064979062688
166.75,-44.625,-0.024954780164,0.043337872016,0.071481445458
166.9,-44.625,-0.016673602284,0.04736492101,0.067093018978
167.05,-44.625,-0.004697699608,0.04056154677,0.043433623294
167.2,-44.625,0.001485909818,0.022670341608,0.013240489968
167.35,-44.625,0.00198473,0.00638897,-0.0063064
167.5,-44.625,-0.00343661,0.0009737,-0.00700179
167.65,-44.625,-0.00758836,-0.00177311,-0.0064993
167.8,-44.625,-0.00990659,-0.00267945,-0.00547099
167.95,-44.625,-0.01078715,-0.00267654,-0.00437428
168.1,-44.625,-0.01077524,-0.00232385,-0.00340697
168.25,-44.625,-0.01028458,-0.0018886,-0.00262021
168.4,-44.625,-0.00957457,-0.00147963,-0.00200389
168.55,-44.625,-0.0087929,-0.00113213,-0.00152918
168.7,-44.625,-0.00801795,-0.00085034,-0.0011658
168.85,-44.625,-0.00728794,-0.00062719,-0.00088779
169,-44.625,-0.00661894,-0.00045263,-0.00067456
169.15,-44.625,-0.00601515,-0.00031695,-0.00051036
169.3,-44.625,-0.00547474,-0.00021184,-0.00038333
169.45,-44.625,-0.00499311,-0.00013054,-0.00028458
169.6,-44.625,-0.00456456,-6.774e-05,-0.00020748
169.75,-44.625,-0.00418327,-1.93e-05,-0.00014702
169.9,-44.625,-0.00384367,1.797e-05,-9.944e-05
170.05,-44.625,-0.00354068,4.656e-05,-6.191e-05
170.2,-44.625,-0.0032698,6.836e-05,-3.223e-05
170.35,-44.625,-0.00302705,8.486e-05,-8.73e-06
170.5,-44.625,-0.00280895,9.719e-05,9.86e-06
170.65,-44.625,-0.0026125,0.00010625,2.457e-05
170.8,-44.625,-0.00243509,0.00011273,3.616e-05
170.95,-44.625,-0.00227446,0.00011718,4.526e-05
171.1,-44.625,-0.00212866,0.00012004,5.235e-05
171.25,-44.625,-0.00199599,0.00012164,5.783e-05
171.4,-44.625,-0.001781459782,0.000116028052,5.325045e-05
171.55,-44.625,-0.00153212373,0.000103957462,4.5531422e-05
171.7,-44.625,-0.001261891492,8.7653394e-05,3.6815062e-05
171.85,-44.625,-0.000972282646,6.8373586e-05,2.7830266e-05
172,-44.625,-0.000659342086,4.6766768e-05,1.8612584e-05
172.15,-44.625,-0.0003324557,2.3717676e-05,9.312138e-06
172.3,-44.625,0,0,0
166,-44.5,0,0,0
166.15,-44.5,-0.006430364566,0.006411122644,0.01397826627
166.3,-44.5,-0.012156264298,0.013007407716,0.027153090364
166.45,-44.5,-0.01637145126,0.019773690754,0.03849555644
166.6,-44.5,-0.018168150328,0.026227944674,0.046576069216
166.75,-44.5,-0.016790877598,0.031111279906,0.04950572668
166.9,-44.5,-0.012288637998,0.032332215536,0.045112404582
167.05,-44.5,-0.006359978224,0.027938445338,0.032090485266
167.2,-44.5,-0.002293711122,0.018672599666,0.015613846574
167.35,-44.5,-0.000705690594,0.009102749058,0.002517889418
167.5,-44.5,-0.00033924,0.00212494,-0.0053319
167.65,-44.5,-0.00289614,0.0001454,-0.005007
167.8,-44.5,-0.00486057,-0.00099073,-0.0044052
167.95,-44.5,-0.00610341,-0.00147673,-0.00370989
168.1,-44.5,-0.00673163,-0.0015711,-0.00303946
168.25,-44.5,-0.00691819,-0.00146677,-0.00244921
168.4,-44.5,-0.00681962,-0.00128039,-0.00195469
168.55,-44.5,-0.00655285,-0.00107431,-0.00155161
168.7,-44.5,-0.0061972,-0.00087838,-0.00122793
168.85,-44.5,-0.00580337,-0.00070475,-0.00096991
169,-44.5,-0.00540229,-0.00055659,-0.00076482
169.15,-44.5,-0.00501191,-0.00043292,-0.00060182
169.3,-44.5,-0.00464198,-0.00033102,-0.00047207
169.45,-44.5,-0.00429714,-0.00024774,-0.00036854
169.6,-44.5,-0.00397899,-0.00018002,-0.00028568
169.75,-44.5,-0.00368733,-0.00012512,-0.00021917
169.9,-44.5,-0.00342098,-8.072e-05,-0.00016562
170.05,-44.5,-0.00317824,-4.488e-05,-0.00012239
170.2,-44.5,-0.00295723,-1.6e-05,-8.74e-05
170.35,-44.5,-0.00275601,7.23e-06,-5.902e-05
170.5,-44.5,-0.00257271,2.585e-05,-3.597e-05
170.65,-44.5,-0.00240559,4.072e-05,-1.723e-05
170.8,-44.5,-0.00225303,5.254e-05,-1.99e-06
170.95,-44.5,-0.00211358,6.188e-05,1.04e-05
171.1,-44.5,-0.0019859,6.917e-05,2.045e-05
171.25,-44.5,-0.00186882,7.481e-05,2.86e-05
171.4,-44.5,-0.00176128,7.909e-05,3.517e-05
171.55,-44.5,-0.00153340516,7.3905636e-05,3.0472096e-05
171.7,-44.5,-0.001283506906,6.440508e-05,2.5036962e-05
171.85,-44.5,-0.001009867052,5.1804608e-05,1.9490628e-05
172,-44.5,-0.00068727988,3.593812e-05,1.3161998e-05
172.15,-44.5,-0.000345866242,1.833581e-05,6.602332e-06
172.3,-44.5,0,0,0
166,-44.375,0,0,0
166.15,-44.375,-0.004505437954,0.00524320763,0.010412927224
166.3,-44.375,-0.008453805224,0.010442224666,0.020047021854
166.45,-44.375,-0.011282054858,0.015416479908,0.02802475308
166.6,-44.375,-0.01247744909,0.019715954068,0.033323931052
166.75,-44.375,-0.0117519419,0.0225470874,0.034852987468
166.9,-44.375,-0.009330093886,0.022914215886,0.031760387406
167.05,-44.375,-0.006159864168,0.020187419382,0.024202066612
167.2,-44.375,-0.00359508549,0.014978862658,0.014606521644
167.35,-44.375,-0.002174541252,0.009224486568,0.006096011096
167.5,-44.375,-0.001725052462,0.004564613402,0.000328251868
167.65,-44.375,-0.002238835682,0.001851198346,-0.002095689826
167.8,-44.375,-0.00227484,-1.811e-05,-0.00366991
167.95,-44.375,-0.00335058,-0.00057831,-0.00319974
168.1,-44.375,-0.00408998,-0.00086514,-0.00272065
168.25,-44.375,-0.00452848,-0.00096369,-0.00227373
168.4,-44.375,-0.00473048,-0.00094871,-0.00187859
168.55,-44.375,-0.00476167,-0.00087343,-0.00154068
168.7,-44.375,-0.00467738,-0.00077168,-0.00125761
168.85,-44.375,-0.00451985,-0.00066322,-0.00102343
169,-44.375,-0.0043195,-0.00055874,-0.0008311
169.15,-44.375,-0.00409733,-0.00046337,-0.00067371
169.3,-44.375,-0.00386739,-0.00037903,-0.0005451
169.45,-44.375,-0.00363874,-0.00030594,-0.00043999
169.6,-44.375,-0.00341703,-0.00024342,-0.000354
169.75,-44.375,-0.00320556,-0.00019041,-0.00028352
169.9,-44.375,-0.00300606,-0.00014572,-0.00022566
170.05,-44.375,-0.00281927,-0.00010821,-0.00017804
170.2,-44.375,-0.00264525,-7.682e-05,-0.00013877
170.35,-44.375,-0.00248368,-5.062e-05,-0.00010632
170.5,-44.375,-0.00233398,-2.879e-05,-7.946e-05
170.65,-44.375,-0.00219544,-1.064e-05,-5.719e-05
170.8,-44.375,-0.00206731,4.42e-06,-3.871e-05
170.95,-44.375,-0.00194882,1.688e-05,-2.335e-05
171.1,-44.375,-0.00183922,2.717e-05,-1.058e-05
171.25,-44.375,-0.00173777,3.562e-05,3e-08
171.4,-44.375,-0.00164381,4.254e-05,8.84e-06
171.55,-44.375,-0.00155671,4.817e-05,1.615e-05
171.7,-44.375,-0.001328863922,4.4256682e-05,1.3370062e-05
171.85,-44.375,-0.00109639878,3.8501646e-05,1.1933284e-05
172,-44.375,-0.000734044142,2.6845294e-05,7.942448e-06
172.15,-44.375,-0.000363729386,1.3687442e-05,3.93519e-06
172.3,-44.375,0,0,0
166,-44.25,0,0,0
166.15,-44.25,-0.003137582028,0.004119483212,0.007626420774
166.3,-44.25,-0.005871463788,0.00810180341,0.014597316744
166.45,-44.25,-0.007825513858,0.011734050144,0.020232502976
166.6,-44.25,-0.008707649272,0.01467230429,0.023841914446
166.75,-44.25,-0.008409347026,0.016446899736,0.024821904734
166.9,-44.25,-0.007119931476,0.01659014123,0.02287409096
167.05,-44.25,-0.005354299076,0.014918153644,0.018350872132
167.2,-44.25,-0.003752225416,0.011830945012,0.012514162296
167.35,-44.25,-0.002672336458,0.008251721156,0.006931381456
167.5,-44.25,-0.00214759292,0.005057828694,0.002644586204
167.65,-44.25,-0.002059310264,0.00271288998,-3.4101174e-05
167.8,-44.25,-0.001962162694,0.001045208716,-0.001752236178
167.95,-44.25,-0.00178924,-4.006e-05,-0.00278646
168.1,-44.25,-0.00243993,-0.0003515,-0.0024378
168.25,-44.25,-0.00291388,-0.00053275,-0.00209737
168.4,-44.25,-0.00322484,-0.00061537,-0.00178279
168.55,-44.25,-0.00339999,-0.00063112,-0.00150251
168.7,-44.25,-0.00346956,-0.00060555,-0.00125882
168.85,-44.25,-0.00346128,-0.00055706,-0.00105038
169,-44.25,-0.00339819,-0.00049792,-0.00087396
169.15,-44.25,-0.00329836,-0.00043583,-0.00072566
169.3,-44.25,-0.00317539,-0.00037533,-0.00060149
169.45,-44.25,-0.00303919,-0.00031889,-0.00049774
169.6,-44.25,-0.00289683,-0.00026768,-0.0004111
169.75,-44.25,-0.00275323,-0.00022204,-0.00033876
169.9,-44.25,-0.0026117,-0.00018189,-0.00027829
170.05,-44.25,-0.00247443,-0.00014688,-0.00022768
170.2,-44.25,-0.00234276,-0.00011654,-0.00018528
170.35,-44.25,-0.00221748,-9.038e-05,-0.00014968
170.5,-44.25,-0.00209894,-6.791e-05,-0.00011976
170.65,-44.25,-0.00198724,-4.865e-05,-9.457e-05
170.8,-44.25,-0.00188229,-3.22e-05,-7.332e-05
170.95,-44.25,-0.00178388,-1.816e-05,-5.539e-05
171.1,-44.25,-0.00169173,-6.21e-06,-4.024e-05
171.25,-44.25,-0.00160549,3.94e-06,-2.742e-05
171.4,-44.25,-0.00152484,1.255e-05,-1.658e-05
171.55,-44.25,-0.0014494,1.982e-05,-7.4e-06
171.7,-44.25,-0.00137884,2.595e-05,3.6e-07
171.85,-44.25,-0.00131282,3.11e-05,6.93e-06
172,-44.25,-0.000788768526,1.9253966e-05,2.739318e-06
172.15,-44.25,-0.00037500716,9.568668e-06,1.195978e-06
172.3,-44.25,0,0,0
166,-44.125,0,0,0
166.15,-44.125,-0.002173426368,0.003132921806,0.00549543913
166.3,-44.125,-0.00406895404,0.00611145562,0.010483321374
166.45,-44.125,-0.005440887514,0.008745612966,0.014466027634
166.6,-44.125,-0.006118287114,0.010792313208,0.016989319018
166.75,-44.125,-0.006057865458,0.011978066028,0.01771862606
166.9,-44.125,-0.005385985918,0.012081295656,0.016563199566
167.05,-44.125,-0.004385175238,0.011064108954,0.01381316866
167.2,-44.125,-0.003387180642,0.009175042592,0.01016787395
167.35,-44.125,-0.002614986248,0.006893624352,0.006470766228
167.5,-44.125,-0.00213367249,0.004702090236,0.003352812664
167.65,-44.125,-0.001888649758,0.002897324166,0.001066935106
167.8,-44.125,-0.001725260512,0.00152611488,-0.000518473538
167.95,-44.125,-0.001577046556,0.000567685378,-0.001553356352
168.1,-44.125,-0.00142948,-3.16e-05,-0.0021825
168.25,-44.125,-0.00185229,-0.00022034,-0.00192301
168.4,-44.125,-0.00217362,-0.00034106,-0.00167379
168.55,-44.125,-0.00239954,-0.00040645,-0.00144359
168.7,-44.125,-0.00254276,-0.00043099,-0.00123669
168.85,-44.125,-0.00261827,-0.00042759,-0.00105426
169,-44.125,-0.0026408,-0.00040644,-0.00089555
169.15,-44.125,-0.00262335,-0.00037505,-0.00075876
169.3,-44.125,-0.0025768,-0.00033862,-0.00064158
169.45,-44.125,-0.00250988,-0.00030064,-0.00054162
169.6,-44.125,-0.00242936,-0.00026328,-0.00045655
169.75,-44.125,-0.00234041,-0.00022786,-0.00038424
169.9,-44.125,-0.00224689,-0.00019508,-0.00032281
170.05,-44.125,-0.00215162,-0.00016524,-0.0002706
170.2,-44.125,-0.00205662,-0.00013841,-0.00022621
170.35,-44.125,-0.00196332,-0.00011449,-0.00018843
170.5,-44.125,-0.00187269,-9.332e-05,-0.00015623
170.65,-44.125,-0.00178536,-7.467e-05,-0.00012877
170.8,-44.125,-0.00170172,-5.83e-05,-0.00010531
170.95,-44.125,-0.00162198,-4.399e-05,-8.526e-05
171.1,-44.125,-0.0015462,-3.15e-05,-6.809e-05
171.25,-44.125,-0.00147436,-2.063e-05,-5.337e-05
171.4,-44.125,-0.0014064,-1.119e-05,-4.075e-05
171.55,-44.125,-0.00134218,-3e-06,-2.992e-05
171.7,-44.125,-0.00128154,4.08e-06,-2.062e-05
171.85,-44.125,-0.00122433,1.02e-05,-1.263e-05
172,-44.125,-0.0007332028,9.501906e-06,-5.11115e-06
172.15,-44.125,-0.000347530726,5.333264e-06,-1.890594e-06
172.3,-44.125,0,0,0
166,-44,0,0,0
166.15,-44,-0.001487169402,0.002300748388,0.003872014374
166.3,-44,-0.002790038494,0.0044654843,0.007374501986
166.45,-44,-0.003750795044,0.006344632892,0.01015896717
166.6,-44,-0.004266746212,0.00777326955,0.011930707936
166.75,-44,-0.004317841776,0.008591755512,0.012500080924
166.9,-44,-0.003980971498,0.008692866408,0.011846912584
167.05,-44,-0.00341323532,0.008081943922,0.010170728996
167.2,-44,-0.002796335666,0.00691149205,0.007873398618
167.35,-44,-0.002266755402,0.005445643424,0.00543099684
167.5,-44,-0.001883461038,0.003959583732,0.003228963122
167.65,-44,-0.00163635577,0.002648201568,0.00146750247
167.8,-44,-0.001473183042,0.001594241264,0.000164763272
167.95,-44,-0.001364205708,0.000816286632,-0.00072599187
168.1,-44,-0.00132072927,0.000299049558,-0.001256586824
168.25,-44,-0.001430251252,1.7832862e-05,-0.001416586208
168.4,-44,-0.0014524,-0.00014103,-0.00155768
168.55,-44,-0.00168001,-0.00022488,-0.00137033
168.7,-44,-0.00184825,-0.00027591,-0.00119676
168.85,-44,-0.00196357,-0.00030112,-0.0010394
169,-44,-0.00203393,-0.00030727,-0.00089897
169.15,-44,-0.00206754,-0.00030019,-0.00077507
169.3,-44,-0.00207203,-0.00028448,-0.00066665
169.45,-44,-0.00205408,-0.00026359,-0.00057233
169.6,-44,-0.00201934,-0.00024004,-0.0004906
169.75,-44,-0.00197241,-0.00021554,-0.00041996
169.9,-44,-0.00191698,-0.00019126,-0.00035902
170.05,-44,-0.00185596,-0.00016794,-0.00030647
170.2,-44,-0.00179156,-0.00014603,-0.00026118
170.35,-44,-0.00172551,-0.00012575,-0.00022214
170.5,-44,-0.00165909,-0.0001072,-0.00018847
170.65,-44,-0.00159323,-9.037e-05,-0.0001594
170.8,-44,-0.00152863,-7.521e-05,-0.00013429
170.95,-44,-0.00146576,-6.162e-05,-0.00011258
171.1,-44,-0.00140496,-4.949e-05,-9.379e-05
171.25,-44,-0.00134643,-3.87e-05,-7.751e-05
171.4,-44,-0.00129029,-2.913e-05,-6.339e-05
171.55,-44,-0.0012366,-2.066e-05,-5.114e-05
171.7,-44,-0.001035040706,-6.027688e-06,-2.899592e-05
171.85,-44,-0.00085965966,1.161438e-06,-1.672216e-05
172,-44,-0.000572181952,3.220394e-06,-8.663326e-06
172.15,-44,-0.00028191294,2.262478e-06,-3.647206e-06
172.3,-44,0,0,0
166,-43.875,0,0,0
166.15,-43.875,-0.000985212744,0.00160458745,0.002618116376
166.3,-43.875,-0.001853235492,0.003105100298,0.004983705024
166.45,-43.875,-0.002505507952,0.004394164754,0.006864631122
166.6,-43.875,-0.002880060916,0.00536437659,0.008074464628
166.75,-43.875,-0.002965783932,0.005922820058,0.008504077114
166.9,-43.875,-0.002806822978,0.006016470546,0.008153640854
167.05,-43.875,-0.002490458876,0.005659308278,0.007149436118
167.2,-43.875,-0.002118171298,0.004943338258,0.005723994682
167.35,-43.875,-0.001772238656,0.004017873564,0.004150859394
167.5,-43.875,-0.001497060488,0.003042399696,0.002664540514
167.65,-43.875,-0.001300129238,0.002141657112,0.001409348376
167.8,-43.875,-0.001166910178,0.001386361976,0.00043601603
167.95,-43.875,-0.001085863964,0.000804170328,-0.000258787572
168.1,-43.875,-0.001058980124,0.000393678734,-0.00070126922
168.25,-43.875,-0.001095585736,0.000133651894,-0.000929068008
168.4,-43.875,-0.001145206032,-2.3640734e-05,-0.001050418444
168.55,-43.875,-0.00125031484,-0.00011209023,-0.001064523396
168.7,-43.875,-0.00133552,-0.00015152,-0.00114434
168.85,-43.875,-0.00146369,-0.00019143,-0.00101026
169,-43.875,-0.00155656,-0.00021446,-0.00088772
169.15,-43.875,-0.00161862,-0.00022432,-0.00077721
169.3,-43.875,-0.00165464,-0.00022441,-0.00067855
169.45,-43.875,-0.00166924,-0.00021758,-0.00059111
169.6,-43.875,-0.00166667,-0.00020613,-0.00051404
169.75,-43.875,-0.00165061,-0.00019181,-0.00044637
169.9,-43.875,-0.00162421,-0.00017593,-0.00038712
170.05,-43.875,-0.00159009,-0.00015944,-0.00033533
170.2,-43.875,-0.00155039,-0.00014299,-0.00029012
170.35,-43.875,-0.00150683,-0.00012703,-0.00025067
170.5,-43.875,-0.00146078,-0.00011185,-0.00021625
170.65,-43.875,-0.00141331,-9.761e-05,-0.00018622
170.8,-43.875,-0.00136527,-8.44e-05,-0.00016001
170.95,-43.875,-0.0013173,-7.224e-05,-0.00013711
171.1,-43.875,-0.00126987,-6.113e-05,-0.0001171
171.25,-43.875,-0.00122336,-5.103e-05,-9.96e-05
171.4,-43.875,-0.001028233604,-3.0241288e-05,-6.3277362e-05
171.55,-43.875,-0.000906707882,-1.8393384e-05,-4.3478202e-05
171.7,-43.875,-0.000762363164,-8.692194e-06,-2.7501522e-05
171.85,-43.875,-0.000607085984,-2.74695e-06,-1.659939e-05
172,-43.875,-0.000413952404,-4.4246e-08,-9.172788e-06
172.15,-43.875,-0.000207939086,4.96254e-07,-4.034904e-06
172.3,-43.875,0,0,0
166,-43.75,0,0,0
166.15,-43.75,-0.000600446084,0.001012501112,0.001616746108
166.3,-43.75,-0.001132182778,0.00195616469,0.003077570616
166.45,-43.75,-0.001537940356,0.002762549232,0.004241387666
166.6,-43.75,-0.001782205572,0.003367251998,0.004998442342
166.75,-43.75,-0.001858410058,0.003718677588,0.005288122052
166.9,-43.75,-0.001790077606,0.00379088744,0.005114137598
167.05,-43.75,-0.001623605912,0.003595480382,0.004549379938
167.2,-43.75,-0.001413651992,0.003184679144,0.003722284602
167.35,-43.75,-0.00120696744,0.002640112876,0.002783905536
167.5,-43.75,-0.001032413016,0.002050484378,0.001868991168
167.65,-43.75,-0.000900190522,0.001489665208,0.00106933449
167.8,-43.75,-0.000808464466,0.001005379198,0.00042874004
167.95,-43.75,-0.000753359846,0.00062035397,-4.390523e-05
168.1,-43.75,-0.000733741522,0.000337843154,-0.000360634478
168.25,-43.75,-0.00074790554,0.000146736718,-0.000547998162
168.4,-43.75,-0.000782523548,2.4905396e-05,-0.000650402368
168.55,-43.75,-0.000840523328,-4.8320188e-05,-0.000693005144
168.7,-43.75,-0.000905712648,-9.0027266e-05,-0.000718634088
168.85,-43.75,-0.000989620772,-0.000119468656,-0.000686541174
169,-43.75,-0.00108958941,-0.000139312402,-0.000671765302
169.15,-43.75,-0.00126102,-0.00015517,-0.00076797
169.3,-43.75,-0.00131456,-0.00016602,-0.00067943
169.45,-43.75,-0.00134925,-0.00016963,-0.00059957
169.6,-43.75,-0.00136801,-0.00016782,-0.00052803
169.75,-43.75,-0.00137357,-0.0001621,-0.00046426
169.9,-43.75,-0.0013684,-0.00015371,-0.00040764
170.05,-43.75,-0.00135467,-0.00014361,-0.00035749
170.2,-43.75,-0.00133423,-0.00013253,-0.00031318
170.35,-43.75,-0.00130867,-0.00012102,-0.00027406
170.5,-43.75,-0.0012793,-0.00010949,-0.00023957
170.65,-43.75,-0.00124718,-9.821e-05,-0.00020915
170.8,-43.75,-0.0012132,-8.737e-05,-0.00018235
170.95,-43.75,-0.000975223978,-5.8641726e-05,-0.000117207052
171.1,-43.75,-0.000870581864,-4.4113794e-05,-8.6762892e-05
171.25,-43.75,-0.000795632048,-3.3666554e-05,-6.682675e-05
171.4,-43.75,-0.000692576534,-2.2411768e-05,-4.6641244e-05
171.55,-43.75,-0.00059963476,-1.3980052e-05,-3.199392e-05
171.7,-43.75,-0.000500618084,-7.600752e-06,-2.0932578e-05
171.85,-43.75,-0.000392368708,-3.4128e-06,-1.3001092e-05
172,-43.75,-0.000268602596,-1.146686e-06,-7.39353e-06
172.15,-43.75,-0.000135891,-2.33214e-07,-3.319624e-06
172.3,-43.75,0,0,0
166,-43.625,0,0,0
166.15,-43.625,-0.000284388816,0.000489252308,0.000771297442
166.3,-43.625,-0.000537109178,0.00094450812,0.001468443662
166.45,-43.625,-0.000731865122,0.001332615484,0.002024906588
166.6,-43.625,-0.000852410954,0.001623404584,0.002389795022
166.75,-43.625,-0.000895573122,0.001793750852,0.002535831156
166.9,-43.625,-0.000871471476,0.00183292124,0.002465407546
167.05,-43.625,-0.000800235176,0.00174704667,0.002211661434
167.2,-43.625,-0.000705863316,0.001559785058,0.001831858254
167.35,-43.625,-0.000609566094,0.001307414418,0.00139348698
167.5,-43.625,-0.000525433618,0.001029759736,0.00095818413
167.65,-43.625,-0.000459755364,0.000761140144,0.000570258374
167.8,-43.625,-0.000413397316,0.000525135636,0.000253514876
167.95,-43.625,-0.000385369434,0.0003340232,1.5061088e-05
168.1,-43.625,-0.000374720578,0.000190603196,-0.000149365296
168.25,-43.625,-0.000379771354,9.0546426e-05,-0.000251887796
168.4,-43.625,-0.000396459296,2.4845792e-05,-0.000310187722
168.55,-43.625,-0.000423542278,-1.6068654e-05,-0.000338460724
168.7,-43.625,-0.00045718649,-4.080022e-05,-0.00035065003
168.85,-43.625,-0.000499491032,-5.7104956e-05,-0.000345505308
169,-43.625,-0.00055115687,-6.8150952e-05,-0.00034483003
169.15,-43.625,-0.000615547034,-7.6186446e-05,-0.000362049514
169.3,-43.625,-0.000650011266,-8.1424836e-05,-0.000335398024
169.45,-43.625,-0.000669938028,-8.3492896e-05,-0.000300112584
169.6,-43.625,-0.000680490848,-8.2916748e-05,-0.000265482308
169.75,-43.625,-0.000684015362,-8.0354096e-05,-0.000233786652
169.9,-43.625,-0.000682000602,-7.639964e-05,-0.000205404296
170.05,-43.625,-0.000675587048,-7.153446e-05,-0.000180190532
170.2,-43.625,-0.000665677586,-6.6128198e-05,-0.000157867828
170.35,-43.625,-0.000652893296,-6.0448336e-05,-0.000138100784
170.5,-43.625,-0.000637225598,-5.4645146e-05,-0.000120475304
170.65,-43.625,-0.000616709096,-4.8642246e-05,-0.000104230436
170.8,-43.625,-0.000582430786,-4.171384e-05,-8.7296438e-05
170.95,-43.625,-0.000499814048,-3.0843114e-05,-6.2605314e-05
171.1,-43.625,-0.000441601428,-2.3016892e-05,-4.5917768e-05
171.25,-43.625,-0.000396009798,-1.7110656e-05,-3.4302866e-05
171.4,-43.625,-0.00034680572,-1.1759182e-05,-2.4466942e-05
171.55,-43.625,-0.000298636544,-7.5143e-06,-1.692366e-05
171.7,-43.625,-0.0002481057,-4.317966e-06,-1.1233778e-05
171.85,-43.625,-0.00019316817,-2.156812e-06,-7.078872e-06
172,-43.625,-0.00013219827,-8.9648e-07,-4.080616e-06
172.15,-43.625,-6.7022318e-05,-2.82424e-07,-1.85006e-06
172.3,-43.625,0,0,0
166,-43.5,0,0,0
166.15,-43.5,0,0,0
166.3,-43.5,0,0,0
166.45,-43.5,0,0,0
166.6,-43.5,0,0,0
166.75,-43.5,0,0,0
166.9,-43.5,0,0,0
167.05,-43.5,0,0,0
167.2,-43.5,0,0,0
167.35,-43.5,0,0,0
167.5,-43.5,0,0,0
167.65,-43.5,0,0,0
167.8,-43.5,0,0,0
167.95,-43.5,0,0,0
168.1,-43.5,0,0,0
168.25,-43.5,0,0,0
168.4,-43.5,0,0,0
168.55,-43.5,0,0,0
168.7,-43.5,0,0,0
168.85,-43.5,0,0,0
169,-43.5,0,0,0
169.15,-43.5,0,0,0
169.3,-43.5,0,0,0
169.45,-43.5,0,0,0
169.6,-43.5,0,0,0
169.75,-43.5,0,0,0
169.9,-43.5,0,0,0
170.05,-43.5,0,0,0
170.2,-43.5,0,0,0
170.35,-43.5,0,0,0
170.5,-43.5,0,0,0
170.65,-43.5,0,0,0
170.8,-43.5,0,0,0
170.95,-43.5,0,0,0
171.1,-43.5,0,0,0
171.25,-43.5,0,0,0
171.4,-43.5,0,0,0
171.55,-43.5,0,0,0
171.7,-43.5,0,0,0
171.85,-43.5,0,0,0
172,-43.5,0,0,0
172.15,-43.5,0,0,0
172.3,-43.5,0,0,0
